[1, 5, 10, 25, 50]
5000
[1, 5, 10, 25, 50]
10000
[1, 5, 10, 25, 50]
15000
[1, 5, 10, 25, 50]
20000
[1, 5, 10, 25, 50]
25000
[1, 5, 10, 25, 50]
30000
[1, 5, 10, 25, 50]
35000
[1, 5, 10, 25, 50]
40000
[1, 5, 10, 25, 50]
45000
[1, 5, 10, 25, 50]
50000
[1, 5, 10, 25, 50]
55000
[1, 5, 10, 25, 50]
60000
[1, 5, 10, 25, 50]
65000
[1, 5, 10, 25, 50]
70000
[1, 5, 10, 25, 50]
75000
[1, 5, 10, 25, 50]
80000
[1, 5, 10, 25, 50]
85000
[1, 5, 10, 25, 50]
90000
[1, 5, 10, 25, 50]
95000
[1, 5, 10, 25, 50]
100000
[1, 5, 10, 25, 50]
105000
[1, 5, 10, 25, 50]
110000
[1, 5, 10, 25, 50]
115000
[1, 5, 10, 25, 50]
120000
[1, 5, 10, 25, 50]
125000
[1, 5, 10, 25, 50]
130000
[1, 5, 10, 25, 50]
135000
[1, 5, 10, 25, 50]
140000
[1, 5, 10, 25, 50]
145000
[1, 5, 10, 25, 50]
150000
[1, 5, 10, 25, 50]
155000
[1, 5, 10, 25, 50]
160000
[1, 5, 10, 25, 50]
165000
[1, 5, 10, 25, 50]
170000
[1, 5, 10, 25, 50]
175000
[1, 5, 10, 25, 50]
180000
[1, 5, 10, 25, 50]
185000
[1, 5, 10, 25, 50]
190000
[1, 5, 10, 25, 50]
195000
[1, 5, 10, 25, 50]
200000
