[1, 2, 6, 12, 24, 48, 60]
1
[1, 2, 6, 12, 24, 48, 60]
10000000
[1, 2, 6, 12, 24, 48, 60]
20000000
[1, 2, 6, 12, 24, 48, 60]
30000000
[1, 2, 6, 12, 24, 48, 60]
40000000
[1, 2, 6, 12, 24, 48, 60]
50000000
[1, 2, 6, 12, 24, 48, 60]
60000000
[1, 2, 6, 12, 24, 48, 60]
70000000
[1, 2, 6, 12, 24, 48, 60]
80000000
[1, 2, 6, 12, 24, 48, 60]
90000000
[1, 2, 6, 12, 24, 48, 60]
100000000
[1, 2, 6, 12, 24, 48, 60]
110000000
[1, 2, 6, 12, 24, 48, 60]
120000000
[1, 2, 6, 12, 24, 48, 60]
130000000
[1, 2, 6, 12, 24, 48, 60]
140000000
[1, 2, 6, 12, 24, 48, 60]
150000000
[1, 2, 6, 12, 24, 48, 60]
160000000
[1, 2, 6, 12, 24, 48, 60]
170000000
[1, 2, 6, 12, 24, 48, 60]
180000000
[1, 2, 6, 12, 24, 48, 60]
190000000
[1, 2, 6, 12, 24, 48, 60]
200000000
[1, 2, 6, 12, 24, 48, 60]
210000000
[1, 2, 6, 12, 24, 48, 60]
220000000
[1, 2, 6, 12, 24, 48, 60]
230000000
[1, 2, 6, 12, 24, 48, 60]
240000000
[1, 2, 6, 12, 24, 48, 60]
250000000
[1, 2, 6, 12, 24, 48, 60]
260000000
[1, 2, 6, 12, 24, 48, 60]
270000000
[1, 2, 6, 12, 24, 48, 60]
280000000
[1, 2, 6, 12, 24, 48, 60]
290000000
[1, 2, 6, 12, 24, 48, 60]
300000000
[1, 2, 6, 12, 24, 48, 60]
310000000
[1, 2, 6, 12, 24, 48, 60]
320000000
[1, 2, 6, 12, 24, 48, 60]
330000000
[1, 2, 6, 12, 24, 48, 60]
340000000
[1, 2, 6, 12, 24, 48, 60]
350000000
[1, 2, 6, 12, 24, 48, 60]
360000000
[1, 2, 6, 12, 24, 48, 60]
370000000
[1, 2, 6, 12, 24, 48, 60]
380000000
[1, 2, 6, 12, 24, 48, 60]
390000000
[1, 2, 6, 12, 24, 48, 60]
400000000
[1, 2, 6, 12, 24, 48, 60]
410000000
[1, 2, 6, 12, 24, 48, 60]
420000000
[1, 2, 6, 12, 24, 48, 60]
430000000
[1, 2, 6, 12, 24, 48, 60]
440000000
[1, 2, 6, 12, 24, 48, 60]
450000000
[1, 2, 6, 12, 24, 48, 60]
460000000
[1, 2, 6, 12, 24, 48, 60]
470000000
[1, 2, 6, 12, 24, 48, 60]
480000000
[1, 2, 6, 12, 24, 48, 60]
490000000
[1, 2, 6, 12, 24, 48, 60]
500000000
[1, 2, 6, 12, 24, 48, 60]
510000000
[1, 2, 6, 12, 24, 48, 60]
520000000
[1, 2, 6, 12, 24, 48, 60]
530000000
[1, 2, 6, 12, 24, 48, 60]
540000000
[1, 2, 6, 12, 24, 48, 60]
550000000
[1, 2, 6, 12, 24, 48, 60]
560000000
[1, 2, 6, 12, 24, 48, 60]
570000000
[1, 2, 6, 12, 24, 48, 60]
580000000
[1, 2, 6, 12, 24, 48, 60]
590000000
[1, 2, 6, 12, 24, 48, 60]
600000000
[1, 2, 6, 12, 24, 48, 60]
610000000
[1, 2, 6, 12, 24, 48, 60]
620000000
[1, 2, 6, 12, 24, 48, 60]
630000000
[1, 2, 6, 12, 24, 48, 60]
640000000
[1, 2, 6, 12, 24, 48, 60]
650000000
[1, 2, 6, 12, 24, 48, 60]
660000000
[1, 2, 6, 12, 24, 48, 60]
670000000
[1, 2, 6, 12, 24, 48, 60]
680000000
[1, 2, 6, 12, 24, 48, 60]
690000000
[1, 2, 6, 12, 24, 48, 60]
700000000
[1, 2, 6, 12, 24, 48, 60]
710000000
[1, 2, 6, 12, 24, 48, 60]
720000000
[1, 2, 6, 12, 24, 48, 60]
730000000
[1, 2, 6, 12, 24, 48, 60]
740000000
[1, 2, 6, 12, 24, 48, 60]
750000000
[1, 2, 6, 12, 24, 48, 60]
760000000
[1, 2, 6, 12, 24, 48, 60]
770000000
[1, 2, 6, 12, 24, 48, 60]
780000000
[1, 2, 6, 12, 24, 48, 60]
790000000
[1, 2, 6, 12, 24, 48, 60]
800000000
[1, 2, 6, 12, 24, 48, 60]
810000000
[1, 2, 6, 12, 24, 48, 60]
820000000
[1, 2, 6, 12, 24, 48, 60]
830000000
[1, 2, 6, 12, 24, 48, 60]
840000000
[1, 2, 6, 12, 24, 48, 60]
850000000
[1, 2, 6, 12, 24, 48, 60]
860000000
[1, 2, 6, 12, 24, 48, 60]
870000000
[1, 2, 6, 12, 24, 48, 60]
880000000
[1, 2, 6, 12, 24, 48, 60]
890000000
[1, 2, 6, 12, 24, 48, 60]
900000000
[1, 2, 6, 12, 24, 48, 60]
910000000
[1, 2, 6, 12, 24, 48, 60]
920000000
[1, 2, 6, 12, 24, 48, 60]
930000000
[1, 2, 6, 12, 24, 48, 60]
940000000
[1, 2, 6, 12, 24, 48, 60]
950000000
[1, 2, 6, 12, 24, 48, 60]
960000000
[1, 2, 6, 12, 24, 48, 60]
970000000
[1, 2, 6, 12, 24, 48, 60]
980000000
[1, 2, 6, 12, 24, 48, 60]
990000000
