[1, 6, 13, 37, 150]
1000
[1, 6, 13, 37, 150]
2000
[1, 6, 13, 37, 150]
3000
[1, 6, 13, 37, 150]
4000
[1, 6, 13, 37, 150]
5000
[1, 6, 13, 37, 150]
6000
[1, 6, 13, 37, 150]
7000
[1, 6, 13, 37, 150]
8000
[1, 6, 13, 37, 150]
9000
[1, 6, 13, 37, 150]
10000
[1, 6, 13, 37, 150]
11000
[1, 6, 13, 37, 150]
12000
[1, 6, 13, 37, 150]
13000
[1, 6, 13, 37, 150]
14000
[1, 6, 13, 37, 150]
15000
[1, 6, 13, 37, 150]
16000
[1, 6, 13, 37, 150]
17000
[1, 6, 13, 37, 150]
18000
[1, 6, 13, 37, 150]
19000
[1, 6, 13, 37, 150]
20000
[1, 6, 13, 37, 150]
21000
[1, 6, 13, 37, 150]
22000
[1, 6, 13, 37, 150]
23000
[1, 6, 13, 37, 150]
24000
[1, 6, 13, 37, 150]
25000
[1, 6, 13, 37, 150]
26000
[1, 6, 13, 37, 150]
27000
[1, 6, 13, 37, 150]
28000
[1, 6, 13, 37, 150]
29000
[1, 6, 13, 37, 150]
30000
