[1, 5, 10, 25, 50]
1000
[1, 5, 10, 25, 50]
2000
[1, 5, 10, 25, 50]
3000
[1, 5, 10, 25, 50]
4000
[1, 5, 10, 25, 50]
5000
[1, 5, 10, 25, 50]
6000
[1, 5, 10, 25, 50]
7000
[1, 5, 10, 25, 50]
8000
[1, 5, 10, 25, 50]
9000
[1, 5, 10, 25, 50]
10000
[1, 5, 10, 25, 50]
11000
[1, 5, 10, 25, 50]
12000
[1, 5, 10, 25, 50]
13000
[1, 5, 10, 25, 50]
14000
[1, 5, 10, 25, 50]
15000
[1, 5, 10, 25, 50]
16000
[1, 5, 10, 25, 50]
17000
[1, 5, 10, 25, 50]
18000
[1, 5, 10, 25, 50]
19000
[1, 5, 10, 25, 50]
20000
[1, 5, 10, 25, 50]
21000
[1, 5, 10, 25, 50]
22000
[1, 5, 10, 25, 50]
23000
[1, 5, 10, 25, 50]
24000
[1, 5, 10, 25, 50]
25000
[1, 5, 10, 25, 50]
26000
[1, 5, 10, 25, 50]
27000
[1, 5, 10, 25, 50]
28000
[1, 5, 10, 25, 50]
29000
[1, 5, 10, 25, 50]
30000
