[1, 5, 10, 25, 50]
1
[1, 5, 10, 25, 50]
10000000
[1, 5, 10, 25, 50]
20000000
[1, 5, 10, 25, 50]
30000000
[1, 5, 10, 25, 50]
40000000
[1, 5, 10, 25, 50]
50000000
[1, 5, 10, 25, 50]
60000000
[1, 5, 10, 25, 50]
70000000
[1, 5, 10, 25, 50]
80000000
[1, 5, 10, 25, 50]
90000000
[1, 5, 10, 25, 50]
100000000
[1, 5, 10, 25, 50]
110000000
[1, 5, 10, 25, 50]
120000000
[1, 5, 10, 25, 50]
130000000
[1, 5, 10, 25, 50]
140000000
[1, 5, 10, 25, 50]
150000000
[1, 5, 10, 25, 50]
160000000
[1, 5, 10, 25, 50]
170000000
[1, 5, 10, 25, 50]
180000000
[1, 5, 10, 25, 50]
190000000
[1, 5, 10, 25, 50]
200000000
[1, 5, 10, 25, 50]
210000000
[1, 5, 10, 25, 50]
220000000
[1, 5, 10, 25, 50]
230000000
[1, 5, 10, 25, 50]
240000000
[1, 5, 10, 25, 50]
250000000
[1, 5, 10, 25, 50]
260000000
[1, 5, 10, 25, 50]
270000000
[1, 5, 10, 25, 50]
280000000
[1, 5, 10, 25, 50]
290000000
[1, 5, 10, 25, 50]
300000000
[1, 5, 10, 25, 50]
310000000
[1, 5, 10, 25, 50]
320000000
[1, 5, 10, 25, 50]
330000000
[1, 5, 10, 25, 50]
340000000
[1, 5, 10, 25, 50]
350000000
[1, 5, 10, 25, 50]
360000000
[1, 5, 10, 25, 50]
370000000
[1, 5, 10, 25, 50]
380000000
[1, 5, 10, 25, 50]
390000000
[1, 5, 10, 25, 50]
400000000
[1, 5, 10, 25, 50]
410000000
[1, 5, 10, 25, 50]
420000000
[1, 5, 10, 25, 50]
430000000
[1, 5, 10, 25, 50]
440000000
[1, 5, 10, 25, 50]
450000000
[1, 5, 10, 25, 50]
460000000
[1, 5, 10, 25, 50]
470000000
[1, 5, 10, 25, 50]
480000000
[1, 5, 10, 25, 50]
490000000
