[1, 2, 6, 12, 24, 48, 60]
1
[1, 2, 6, 12, 24, 48, 60]
1000001
[1, 2, 6, 12, 24, 48, 60]
2000001
[1, 2, 6, 12, 24, 48, 60]
3000001
[1, 2, 6, 12, 24, 48, 60]
4000001
[1, 2, 6, 12, 24, 48, 60]
5000001
[1, 2, 6, 12, 24, 48, 60]
6000001
[1, 2, 6, 12, 24, 48, 60]
7000001
[1, 2, 6, 12, 24, 48, 60]
8000001
[1, 2, 6, 12, 24, 48, 60]
9000001
[1, 2, 6, 12, 24, 48, 60]
10000001
[1, 2, 6, 12, 24, 48, 60]
11000001
[1, 2, 6, 12, 24, 48, 60]
12000001
[1, 2, 6, 12, 24, 48, 60]
13000001
[1, 2, 6, 12, 24, 48, 60]
14000001
[1, 2, 6, 12, 24, 48, 60]
15000001
[1, 2, 6, 12, 24, 48, 60]
16000001
[1, 2, 6, 12, 24, 48, 60]
17000001
[1, 2, 6, 12, 24, 48, 60]
18000001
[1, 2, 6, 12, 24, 48, 60]
19000001
[1, 2, 6, 12, 24, 48, 60]
20000001
[1, 2, 6, 12, 24, 48, 60]
21000001
[1, 2, 6, 12, 24, 48, 60]
22000001
[1, 2, 6, 12, 24, 48, 60]
23000001
[1, 2, 6, 12, 24, 48, 60]
24000001
[1, 2, 6, 12, 24, 48, 60]
25000001
[1, 2, 6, 12, 24, 48, 60]
26000001
[1, 2, 6, 12, 24, 48, 60]
27000001
[1, 2, 6, 12, 24, 48, 60]
28000001
[1, 2, 6, 12, 24, 48, 60]
29000001
[1, 2, 6, 12, 24, 48, 60]
30000001
[1, 2, 6, 12, 24, 48, 60]
31000001
[1, 2, 6, 12, 24, 48, 60]
32000001
[1, 2, 6, 12, 24, 48, 60]
33000001
[1, 2, 6, 12, 24, 48, 60]
34000001
[1, 2, 6, 12, 24, 48, 60]
35000001
[1, 2, 6, 12, 24, 48, 60]
36000001
[1, 2, 6, 12, 24, 48, 60]
37000001
[1, 2, 6, 12, 24, 48, 60]
38000001
[1, 2, 6, 12, 24, 48, 60]
39000001
[1, 2, 6, 12, 24, 48, 60]
40000001
[1, 2, 6, 12, 24, 48, 60]
41000001
[1, 2, 6, 12, 24, 48, 60]
42000001
[1, 2, 6, 12, 24, 48, 60]
43000001
[1, 2, 6, 12, 24, 48, 60]
44000001
[1, 2, 6, 12, 24, 48, 60]
45000001
[1, 2, 6, 12, 24, 48, 60]
46000001
[1, 2, 6, 12, 24, 48, 60]
47000001
[1, 2, 6, 12, 24, 48, 60]
48000001
[1, 2, 6, 12, 24, 48, 60]
49000001
[1, 2, 6, 12, 24, 48, 60]
50000001
[1, 2, 6, 12, 24, 48, 60]
51000001
[1, 2, 6, 12, 24, 48, 60]
52000001
[1, 2, 6, 12, 24, 48, 60]
53000001
[1, 2, 6, 12, 24, 48, 60]
54000001
[1, 2, 6, 12, 24, 48, 60]
55000001
[1, 2, 6, 12, 24, 48, 60]
56000001
[1, 2, 6, 12, 24, 48, 60]
57000001
[1, 2, 6, 12, 24, 48, 60]
58000001
[1, 2, 6, 12, 24, 48, 60]
59000001
[1, 2, 6, 12, 24, 48, 60]
60000001
[1, 2, 6, 12, 24, 48, 60]
61000001
[1, 2, 6, 12, 24, 48, 60]
62000001
[1, 2, 6, 12, 24, 48, 60]
63000001
[1, 2, 6, 12, 24, 48, 60]
64000001
[1, 2, 6, 12, 24, 48, 60]
65000001
[1, 2, 6, 12, 24, 48, 60]
66000001
[1, 2, 6, 12, 24, 48, 60]
67000001
[1, 2, 6, 12, 24, 48, 60]
68000001
[1, 2, 6, 12, 24, 48, 60]
69000001
[1, 2, 6, 12, 24, 48, 60]
70000001
[1, 2, 6, 12, 24, 48, 60]
71000001
[1, 2, 6, 12, 24, 48, 60]
72000001
[1, 2, 6, 12, 24, 48, 60]
73000001
[1, 2, 6, 12, 24, 48, 60]
74000001
[1, 2, 6, 12, 24, 48, 60]
75000001
[1, 2, 6, 12, 24, 48, 60]
76000001
[1, 2, 6, 12, 24, 48, 60]
77000001
[1, 2, 6, 12, 24, 48, 60]
78000001
[1, 2, 6, 12, 24, 48, 60]
79000001
[1, 2, 6, 12, 24, 48, 60]
80000001
[1, 2, 6, 12, 24, 48, 60]
81000001
[1, 2, 6, 12, 24, 48, 60]
82000001
[1, 2, 6, 12, 24, 48, 60]
83000001
[1, 2, 6, 12, 24, 48, 60]
84000001
[1, 2, 6, 12, 24, 48, 60]
85000001
[1, 2, 6, 12, 24, 48, 60]
86000001
[1, 2, 6, 12, 24, 48, 60]
87000001
[1, 2, 6, 12, 24, 48, 60]
88000001
[1, 2, 6, 12, 24, 48, 60]
89000001
[1, 2, 6, 12, 24, 48, 60]
90000001
[1, 2, 6, 12, 24, 48, 60]
91000001
[1, 2, 6, 12, 24, 48, 60]
92000001
[1, 2, 6, 12, 24, 48, 60]
93000001
[1, 2, 6, 12, 24, 48, 60]
94000001
[1, 2, 6, 12, 24, 48, 60]
95000001
[1, 2, 6, 12, 24, 48, 60]
96000001
[1, 2, 6, 12, 24, 48, 60]
97000001
[1, 2, 6, 12, 24, 48, 60]
98000001
[1, 2, 6, 12, 24, 48, 60]
99000001
